Cruising at 12,000 ft

  pitch,__deg |   _roll,__deg |   hding,_true |   hding,__mag |   mavar,__deg |   __mag,_comp |   ____P,deg/s |   ____Q,deg/s |   ____R,deg/s | 
      4.77925 |      -0.81597 |      67.95118 |      67.54593 |      -0.40525 |      70.00728 |      -0.00089 |      -0.03065 |      -0.00007 | 
      4.74273 |      -0.81669 |      67.95133 |      67.54603 |      -0.40531 |      69.98744 |      -0.00077 |      -0.02888 |      -0.00042 | 
      4.71096 |      -0.81732 |      67.95116 |      67.54581 |      -0.40536 |      69.96204 |      -0.00047 |      -0.02657 |      -0.00084 | 
      4.68388 |      -0.81727 |      67.95036 |      67.54494 |      -0.40542 |      69.93217 |       0.00048 |      -0.02272 |      -0.00069 | 
      4.66216 |      -0.81657 |      67.95016 |      67.54469 |      -0.40547 |      69.90074 |       0.00060 |      -0.01863 |      -0.00029 | 
      4.64559 |      -0.81594 |      67.95016 |      67.54463 |      -0.40553 |      69.86940 |       0.00044 |      -0.01408 |      -0.00000 | 
      4.63418 |      -0.81567 |      67.95042 |      67.54484 |      -0.40559 |      69.83981 |      -0.00001 |      -0.00956 |       0.00000 | 
      4.62768 |      -0.81561 |      67.95029 |      67.54465 |      -0.40564 |      69.81322 |       0.00008 |      -0.00528 |       0.00005 | 
      4.62546 |      -0.81544 |      67.95013 |      67.54443 |      -0.40570 |      69.78977 |       0.00018 |      -0.00134 |       0.00024 | 
      4.62709 |      -0.81519 |      67.95009 |      67.54433 |      -0.40575 |      69.77016 |       0.00017 |       0.00212 |       0.00052 | 
      4.63197 |      -0.81515 |      67.95035 |      67.54453 |      -0.40581 |      69.75489 |      -0.00017 |       0.00499 |       0.00059 | 
      4.63943 |      -0.81528 |      67.95037 |      67.54450 |      -0.40587 |      69.74369 |      -0.00018 |       0.00720 |       0.00064 | 
      4.64861 |      -0.81544 |      67.95042 |      67.54450 |      -0.40592 |      69.73624 |      -0.00022 |       0.00877 |       0.00065 | 
      4.65928 |      -0.81564 |      67.95044 |      67.54446 |      -0.40598 |      69.73182 |      -0.00020 |       0.00982 |       0.00062 | 
      4.67042 |      -0.81575 |      67.95042 |      67.54439 |      -0.40604 |      69.73001 |      -0.00014 |       0.01021 |       0.00063 | 
      4.68203 |      -0.81586 |      67.95040 |      67.54430 |      -0.40609 |      69.73023 |      -0.00010 |       0.01018 |       0.00059 | 
      4.69353 |      -0.81580 |      67.95033 |      67.54418 |      -0.40615 |      69.73183 |      -0.00000 |       0.01002 |       0.00063 | 
      4.70377 |      -0.81577 |      67.95031 |      67.54410 |      -0.40621 |      69.73433 |       0.00002 |       0.00904 |       0.00061 | 
      4.71313 |      -0.81565 |      67.95023 |      67.54396 |      -0.40627 |      69.73744 |       0.00011 |       0.00778 |       0.00063 | 
      4.72119 |      -0.81553 |      67.95026 |      67.54395 |      -0.40632 |      69.74051 |       0.00005 |       0.00633 |       0.00062 | 
      4.72790 |      -0.81539 |      67.95021 |      67.54383 |      -0.40638 |      69.74324 |       0.00011 |       0.00489 |       0.00059 | 
      4.73309 |      -0.81523 |      67.95019 |      67.54375 |      -0.40644 |      69.74564 |       0.00012 |       0.00341 |       0.00050 | 
      4.73682 |      -0.81501 |      67.95006 |      67.54356 |      -0.40649 |      69.74752 |       0.00025 |       0.00193 |       0.00044 | 
      4.73920 |      -0.81469 |      67.94997 |      67.54342 |      -0.40655 |      69.74905 |       0.00029 |       0.00053 |       0.00044 | 
      4.74030 |      -0.81442 |      67.95006 |      67.54346 |      -0.40660 |      69.74996 |       0.00015 |      -0.00080 |       0.00038 | 
      4.74022 |      -0.81420 |      67.95000 |      67.54333 |      -0.40666 |      69.75066 |       0.00019 |      -0.00180 |       0.00032 | 
      4.73915 |      -0.81394 |      67.95004 |      67.54332 |      -0.40672 |      69.75066 |       0.00015 |      -0.00272 |       0.00033 | 
      4.73727 |      -0.81380 |      67.95004 |      67.54327 |      -0.40677 |      69.75045 |       0.00011 |      -0.00342 |       0.00027 | 
      4.73478 |      -0.81367 |      67.95016 |      67.54333 |      -0.40683 |      69.74966 |      -0.00000 |      -0.00398 |       0.00028 | 
      4.73184 |      -0.81368 |      67.95028 |      67.54340 |      -0.40688 |      69.74889 |      -0.00010 |      -0.00435 |       0.00023 | 
      4.72864 |      -0.81368 |      67.95030 |      67.54336 |      -0.40694 |      69.74772 |      -0.00004 |      -0.00453 |       0.00024 | 
      4.72526 |      -0.81367 |      67.95034 |      67.54334 |      -0.40700 |      69.74622 |      -0.00003 |      -0.00464 |       0.00022 | 
      4.72188 |      -0.81360 |      67.95041 |      67.54336 |      -0.40705 |      69.74464 |      -0.00004 |      -0.00453 |       0.00025 | 
      4.71870 |      -0.81361 |      67.95048 |      67.54337 |      -0.40711 |      69.74308 |      -0.00006 |      -0.00430 |       0.00022 | 
      4.71573 |      -0.81354 |      67.95045 |      67.54328 |      -0.40717 |      69.74142 |       0.00005 |      -0.00404 |       0.00029 | 
      4.71308 |      -0.81355 |      67.95061 |      67.54340 |      -0.40722 |      69.73953 |      -0.00011 |      -0.00371 |       0.00025 | 
      4.71076 |      -0.81351 |      67.95055 |      67.54327 |      -0.40728 |      69.73737 |       0.00007 |      -0.00332 |       0.00031 | 
      4.70885 |      -0.81351 |      67.95079 |      67.54346 |      -0.40733 |      69.73544 |      -0.00019 |      -0.00291 |       0.00028 | 
      4.70734 |      -0.81357 |      67.95079 |      67.54340 |      -0.40739 |      69.73346 |      -0.00010 |      -0.00246 |       0.00033 | 
      4.70627 |      -0.81364 |      67.95090 |      67.54346 |      -0.40745 |      69.73158 |      -0.00012 |      -0.00207 |       0.00029 | 
      4.70564 |      -0.81364 |      67.95090 |      67.54340 |      -0.40750 |      69.72978 |      -0.00005 |      -0.00168 |       0.00038 | 
      4.70535 |      -0.81374 |      67.95108 |      67.54352 |      -0.40756 |      69.72821 |      -0.00019 |      -0.00136 |       0.00032 | 
      4.70537 |      -0.81377 |      67.95094 |      67.54333 |      -0.40762 |      69.72662 |       0.00005 |      -0.00108 |       0.00036 | 
      4.70568 |      -0.81370 |      67.95116 |      67.54348 |      -0.40767 |      69.72530 |      -0.00013 |      -0.00081 |       0.00038 | 
      4.70622 |      -0.81374 |      67.95118 |      67.54345 |      -0.40773 |      69.72443 |      -0.00009 |      -0.00062 |       0.00039 | 
      4.70693 |      -0.81375 |      67.95119 |      67.54340 |      -0.40779 |      69.72363 |      -0.00004 |      -0.00049 |       0.00037 | 
      4.70776 |      -0.81368 |      67.95120 |      67.54336 |      -0.40784 |      69.72284 |      -0.00000 |      -0.00032 |       0.00043 | 
      4.70870 |      -0.81375 |      67.95142 |      67.54352 |      -0.40790 |      69.72246 |      -0.00019 |      -0.00029 |       0.00037 | 
      4.70966 |      -0.81379 |      67.95130 |      67.54335 |      -0.40795 |      69.72215 |       0.00002 |      -0.00027 |       0.00039 | 
      4.71060 |      -0.81372 |      67.95142 |      67.54341 |      -0.40801 |      69.72208 |      -0.00004 |      -0.00029 |       0.00040 | 
      4.71147 |      -0.81367 |      67.95138 |      67.54331 |      -0.40807 |      69.72208 |       0.00004 |      -0.00036 |       0.00040 | 
      4.71230 |      -0.81359 |      67.95147 |      67.54334 |      -0.40812 |      69.72208 |      -0.00002 |      -0.00043 |       0.00037 | 
      4.71303 |      -0.81350 |      67.95140 |      67.54322 |      -0.40818 |      69.72218 |       0.00010 |      -0.00048 |       0.00040 | 
      4.71369 |      -0.81339 |      67.95153 |      67.54330 |      -0.40824 |      69.72257 |      -0.00001 |      -0.00060 |       0.00037 | 
      4.71422 |      -0.81330 |      67.95146 |      67.54317 |      -0.40829 |      69.72276 |       0.00009 |      -0.00076 |       0.00038 | 
      4.71462 |      -0.81319 |      67.95155 |      67.54321 |      -0.40835 |      69.72303 |       0.00001 |      -0.00090 |       0.00036 | 
      4.71491 |      -0.81308 |      67.95152 |      67.54312 |      -0.40840 |      69.72317 |       0.00008 |      -0.00105 |       0.00036 | 
      4.71509 |      -0.81293 |      67.95156 |      67.54310 |      -0.40846 |      69.72337 |       0.00007 |      -0.00109 |       0.00036 | 
      4.71518 |      -0.81281 |      67.95152 |      67.54301 |      -0.40852 |      69.72356 |       0.00012 |      -0.00126 |       0.00037 | 
      4.71517 |      -0.81270 |      67.95171 |      67.54314 |      -0.40857 |      69.72387 |      -0.00006 |      -0.00131 |       0.00036 | 
      4.71509 |      -0.81271 |      67.95174 |      67.54311 |      -0.40863 |      69.72402 |      -0.00005 |      -0.00140 |       0.00037 | 
      4.71489 |      -0.81279 |      67.95193 |      67.54325 |      -0.40868 |      69.72416 |      -0.00020 |      -0.00154 |       0.00034 | 
      4.71464 |      -0.81290 |      67.95193 |      67.54320 |      -0.40874 |      69.72416 |      -0.00012 |      -0.00154 |       0.00035 | 
      4.71436 |      -0.81300 |      67.95211 |      67.54331 |      -0.40880 |      69.72416 |      -0.00022 |      -0.00158 |       0.00034 | 
      4.71408 |      -0.81314 |      67.95211 |      67.54326 |      -0.40885 |      69.72416 |      -0.00011 |      -0.00158 |       0.00035 | 
      4.71377 |      -0.81318 |      67.95215 |      67.54324 |      -0.40891 |      69.72408 |      -0.00005 |      -0.00157 |       0.00036 | 
      4.71350 |      -0.81323 |      67.95222 |      67.54325 |      -0.40896 |      69.72395 |      -0.00007 |      -0.00155 |       0.00032 | 
      4.71322 |      -0.81317 |      67.95218 |      67.54316 |      -0.40902 |      69.72365 |       0.00005 |      -0.00154 |       0.00034 | 
      4.71296 |      -0.81306 |      67.95222 |      67.54314 |      -0.40908 |      69.72343 |       0.00006 |      -0.00155 |       0.00033 | 
      4.71271 |      -0.81290 |      67.95222 |      67.54308 |      -0.40913 |      69.72321 |       0.00011 |      -0.00153 |       0.00034 | 
      4.71249 |      -0.81275 |      67.95213 |      67.54295 |      -0.40919 |      69.72305 |       0.00018 |      -0.00148 |       0.00037 | 
      4.71228 |      -0.81247 |      67.95215 |      67.54291 |      -0.40924 |      69.72281 |       0.00020 |      -0.00144 |       0.00047 | 
      4.71212 |      -0.81236 |      67.95229 |      67.54298 |      -0.40930 |      69.72277 |       0.00003 |      -0.00143 |       0.00038 | 
      4.71199 |      -0.81221 |      67.95221 |      67.54285 |      -0.40935 |      69.72255 |       0.00012 |      -0.00140 |       0.00040 | 
      4.71186 |      -0.81199 |      67.95219 |      67.54279 |      -0.40941 |      69.72245 |       0.00015 |      -0.00138 |       0.00046 | 
      4.71176 |      -0.81185 |      67.95230 |      67.54283 |      -0.40947 |      69.72243 |       0.00002 |      -0.00139 |       0.00043 | 
      4.71168 |      -0.81174 |      67.95224 |      67.54272 |      -0.40952 |      69.72231 |       0.00012 |      -0.00144 |       0.00043 | 
      4.71165 |      -0.81159 |      67.95237 |      67.54279 |      -0.40958 |      69.72217 |      -0.00000 |      -0.00130 |       0.00044 | 
      4.71162 |      -0.81152 |      67.95231 |      67.54267 |      -0.40963 |      69.72213 |       0.00008 |      -0.00128 |       0.00044 | 
      4.71160 |      -0.81141 |      67.95244 |      67.54275 |      -0.40969 |      69.72206 |      -0.00002 |      -0.00129 |       0.00044 | 
      4.71157 |      -0.81136 |      67.95238 |      67.54263 |      -0.40975 |      69.72200 |       0.00006 |      -0.00131 |       0.00044 | 
      4.71156 |      -0.81125 |      67.95246 |      67.54266 |      -0.40980 |      69.72191 |       0.00003 |      -0.00124 |       0.00046 | 
      4.71153 |      -0.81122 |      67.95245 |      67.54259 |      -0.40986 |      69.72187 |       0.00006 |      -0.00129 |       0.00043 | 
      4.71148 |      -0.81109 |      67.95251 |      67.54259 |      -0.40991 |      69.72180 |       0.00003 |      -0.00127 |       0.00045 | 
      4.71144 |      -0.81103 |      67.95252 |      67.54256 |      -0.40997 |      69.72178 |       0.00004 |      -0.00128 |       0.00043 | 
      4.71142 |      -0.81091 |      67.95253 |      67.54250 |      -0.41003 |      69.72169 |       0.00008 |      -0.00128 |       0.00045 | 
      4.71175 |      -0.81080 |      67.95257 |      67.54249 |      -0.41008 |      69.72166 |       0.00007 |      -0.00050 |       0.00047 | 
      4.71293 |      -0.81067 |      67.95260 |      67.54247 |      -0.41014 |      69.72170 |       0.00008 |       0.00034 |       0.00052 | 
      4.71488 |      -0.81059 |      67.95270 |      67.54250 |      -0.41019 |      69.72253 |      -0.00001 |       0.00102 |       0.00053 | 
      4.71746 |      -0.81058 |      67.95287 |      67.54263 |      -0.41025 |      69.72346 |      -0.00014 |       0.00162 |       0.00057 | 


Climbing from 12,000 ft to 16,000 ft

  pitch,__deg |   _roll,__deg |   hding,_true |   hding,__mag |   mavar,__deg |   __mag,_comp |   ____P,deg/s |   ____Q,deg/s |   ____R,deg/s | 
      7.99589 |      -0.78045 |      67.94083 |      67.52454 |      -0.41629 |      74.83604 |       0.01327 |       0.79906 |       0.00625 | 
      8.83876 |      -0.76751 |      67.93679 |      67.52045 |      -0.41635 |      75.14307 |       0.01301 |       0.86976 |       0.00874 | 
      9.72917 |      -0.75615 |      67.93439 |      67.51799 |      -0.41640 |      75.33878 |       0.01006 |       0.90105 |       0.01027 | 
     10.62751 |      -0.74836 |      67.93279 |      67.51633 |      -0.41646 |      75.44126 |       0.00603 |       0.89821 |       0.01056 | 
     11.51747 |      -0.74462 |      67.93150 |      67.51498 |      -0.41652 |      75.46853 |       0.00203 |       0.86295 |       0.00979 | 
     12.34410 |      -0.74430 |      67.92978 |      67.51321 |      -0.41658 |      75.43435 |      -0.00055 |       0.80295 |       0.00884 | 
     13.11288 |      -0.74603 |      67.92812 |      67.51148 |      -0.41663 |      75.35407 |      -0.00219 |       0.72213 |       0.00832 | 
     13.78877 |      -0.74909 |      67.92729 |      67.51060 |      -0.41669 |      75.24187 |      -0.00369 |       0.62738 |       0.00816 | 
     14.35881 |      -0.75342 |      67.92767 |      67.51092 |      -0.41675 |      75.10905 |      -0.00546 |       0.52401 |       0.00789 | 
     14.82895 |      -0.75938 |      67.92899 |      67.51218 |      -0.41680 |      74.96121 |      -0.00717 |       0.41486 |       0.00720 | 
     15.18870 |      -0.76666 |      67.93092 |      67.51405 |      -0.41686 |      74.80737 |      -0.00842 |       0.30326 |       0.00622 | 
     15.43673 |      -0.77473 |      67.93330 |      67.51639 |      -0.41692 |      74.65440 |      -0.00914 |       0.19403 |       0.00535 | 
     15.57808 |      -0.78338 |      67.93645 |      67.51949 |      -0.41697 |      74.50440 |      -0.01000 |       0.08429 |       0.00530 | 
     15.61657 |      -0.79286 |      67.94136 |      67.52433 |      -0.41703 |      74.36524 |      -0.01176 |      -0.01009 |       0.00528 | 
     15.56169 |      -0.80391 |      67.94677 |      67.52969 |      -0.41708 |      74.24094 |      -0.01343 |      -0.10349 |       0.00386 | 
     15.36573 |      -0.81676 |      67.95213 |      67.53499 |      -0.41714 |      74.12231 |      -0.01531 |      -0.24849 |       0.00154 | 
     15.07177 |      -0.83054 |      67.95678 |      67.53958 |      -0.41719 |      74.01027 |      -0.01509 |      -0.34134 |      -0.00050 | 
     14.75785 |      -0.84322 |      67.96027 |      67.54302 |      -0.41725 |      73.91703 |      -0.01174 |      -0.30666 |      -0.00128 | 
     14.44760 |      -0.85237 |      67.96339 |      67.54609 |      -0.41731 |      73.85234 |      -0.00833 |      -0.31446 |      -0.00159 | 
     14.12108 |      -0.85894 |      67.96677 |      67.54942 |      -0.41736 |      73.81245 |      -0.00673 |      -0.33584 |      -0.00166 | 
     13.78186 |      -0.86451 |      67.97024 |      67.55283 |      -0.41741 |      73.78732 |      -0.00641 |      -0.35012 |      -0.00189 | 
     13.42517 |      -0.87019 |      67.97357 |      67.55610 |      -0.41747 |      73.77081 |      -0.00648 |      -0.35754 |      -0.00247 | 
     13.06752 |      -0.87576 |      67.97614 |      67.55862 |      -0.41752 |      73.76141 |      -0.00596 |      -0.35600 |      -0.00309 | 
     12.71668 |      -0.88068 |      67.97797 |      67.56039 |      -0.41758 |      73.75855 |      -0.00490 |      -0.34690 |      -0.00348 | 
     12.37778 |      -0.88467 |      67.97935 |      67.56171 |      -0.41763 |      73.76228 |      -0.00374 |      -0.32860 |      -0.00368 | 
     12.06305 |      -0.88754 |      67.98038 |      67.56269 |      -0.41769 |      73.77233 |      -0.00266 |      -0.30518 |      -0.00371 | 
     11.77309 |      -0.88950 |      67.98101 |      67.56327 |      -0.41774 |      73.78834 |      -0.00164 |      -0.27752 |      -0.00371 | 
     11.51131 |      -0.89050 |      67.98118 |      67.56338 |      -0.41780 |      73.80929 |      -0.00060 |      -0.24697 |      -0.00363 | 
     11.28074 |      -0.89056 |      67.98103 |      67.56318 |      -0.41785 |      73.83440 |       0.00034 |      -0.21314 |      -0.00352 | 
     11.08672 |      -0.88979 |      67.98041 |      67.56250 |      -0.41791 |      73.86221 |       0.00131 |      -0.17895 |      -0.00340 | 
     10.92675 |      -0.88818 |      67.97944 |      67.56148 |      -0.41796 |      73.89148 |       0.00219 |      -0.14539 |      -0.00326 | 
     10.79922 |      -0.88574 |      67.97818 |      67.56017 |      -0.41802 |      73.92141 |       0.00313 |      -0.11174 |      -0.00313 | 
     10.70381 |      -0.88236 |      67.97594 |      67.55786 |      -0.41807 |      73.95094 |       0.00445 |      -0.08181 |      -0.00384 | 
     10.63740 |      -0.87759 |      67.97326 |      67.55513 |      -0.41813 |      73.97766 |       0.00586 |      -0.05417 |      -0.00326 | 
     10.59723 |      -0.87186 |      67.97110 |      67.55292 |      -0.41818 |      74.00194 |       0.00618 |      -0.02879 |      -0.00209 | 
     10.58115 |      -0.86622 |      67.96983 |      67.55159 |      -0.41824 |      74.02313 |       0.00530 |      -0.00677 |      -0.00102 | 
     10.58562 |      -0.86170 |      67.96896 |      67.55067 |      -0.41829 |      74.04079 |       0.00401 |       0.01231 |      -0.00057 | 
     10.60693 |      -0.85845 |      67.96805 |      67.54970 |      -0.41835 |      74.05441 |       0.00303 |       0.02717 |      -0.00073 | 
     10.63813 |      -0.85582 |      67.96669 |      67.54829 |      -0.41841 |      74.06267 |       0.00268 |       0.03669 |      -0.00094 | 
     10.68566 |      -0.85316 |      67.96490 |      67.54643 |      -0.41846 |      74.06782 |       0.00315 |       0.05098 |      -0.00067 | 
     10.74335 |      -0.85026 |      67.96369 |      67.54517 |      -0.41852 |      74.07112 |       0.00295 |       0.05776 |      -0.00016 | 
     10.80483 |      -0.84768 |      67.96282 |      67.54425 |      -0.41857 |      74.07105 |       0.00234 |       0.05970 |       0.00028 | 
     10.86640 |      -0.84579 |      67.96215 |      67.54353 |      -0.41863 |      74.06670 |       0.00162 |       0.05876 |       0.00048 | 
     10.92596 |      -0.84450 |      67.96149 |      67.54281 |      -0.41868 |      74.05762 |       0.00108 |       0.05555 |       0.00049 | 
     10.98070 |      -0.84364 |      67.96086 |      67.54212 |      -0.41874 |      74.04433 |       0.00076 |       0.05069 |       0.00039 | 
     11.02994 |      -0.84303 |      67.96033 |      67.54153 |      -0.41880 |      74.02735 |       0.00050 |       0.04409 |       0.00017 | 
     11.07233 |      -0.84261 |      67.95963 |      67.54078 |      -0.41885 |      74.00710 |       0.00054 |       0.03713 |      -0.0000  |


rolling from heading 76 to 166

  pitch,__deg |   _roll,__deg |   hding,_true |   hding,__mag |   mavar,__deg |   __mag,_comp |   ____P,deg/s |   ____Q,deg/s |   ____R,deg/s | 
      0.83022 |       0.27224 |      76.88911 |      76.46903 |      -0.42008 |      76.95417 |       0.60192 |      -0.01355 |       0.05267 | 
      0.83168 |       1.78768 |      76.98116 |      76.56100 |      -0.42016 |      77.09208 |       2.33825 |       0.00443 |       0.14700 | 
      0.83362 |       4.80759 |      77.21080 |      76.79057 |      -0.42024 |      77.38265 |       3.69414 |       0.02849 |       0.32899 | 
      0.83597 |       8.90421 |      77.65636 |      77.23605 |      -0.42031 |      77.91270 |       4.23187 |       0.09021 |       0.54660 | 
      0.84722 |      13.10570 |      78.30194 |      77.88155 |      -0.42039 |      78.63674 |       4.22501 |       0.18579 |       0.72772 | 
      0.87492 |      17.33074 |      79.17385 |      78.75339 |      -0.42046 |      79.50671 |       4.18017 |       0.32573 |       0.93822 | 
      0.91512 |      21.47405 |      80.29305 |      79.87251 |      -0.42054 |      80.51115 |       4.14183 |       0.50637 |       1.15960 | 
      0.96846 |      25.63321 |      81.70410 |      81.28349 |      -0.42062 |      81.70178 |       4.11448 |       0.72162 |       1.37476 | 
      1.01150 |      28.95378 |      83.35539 |      82.93470 |      -0.42069 |      83.10603 |       2.54355 |       0.88352 |       1.52034 | 
      1.05362 |      30.78316 |      85.16740 |      84.74663 |      -0.42077 |      84.67943 |       1.08264 |       0.98739 |       1.57336 | 
      1.09576 |      31.41854 |      87.00226 |      86.58141 |      -0.42085 |      86.28613 |       0.26848 |       1.02069 |       1.60272 | 
      1.13965 |      31.50204 |      89.01344 |      88.59251 |      -0.42093 |      88.07510 |      -0.11587 |       1.04426 |       1.61512 | 
      1.19270 |      31.34776 |      90.93427 |      90.51326 |      -0.42101 |      89.80539 |      -0.24386 |       1.04339 |       1.60701 | 
      1.25211 |      31.12190 |      92.87580 |      92.45471 |      -0.42109 |      91.56613 |      -0.26821 |       1.02646 |       1.59003 | 
      1.30886 |      30.90346 |      94.75567 |      94.33450 |      -0.42117 |      93.26622 |      -0.24875 |       1.00605 |       1.57853 | 
      1.35820 |      30.71602 |      96.60088 |      96.17963 |      -0.42124 |      94.92068 |      -0.21566 |       0.98547 |       1.57341 | 
      1.39766 |      30.56236 |      98.45309 |      98.03176 |      -0.42132 |      96.56711 |      -0.18078 |       0.96373 |       1.56920 | 
      1.42530 |      30.44151 |     100.30903 |      99.88763 |      -0.42140 |      98.20648 |      -0.14948 |       0.94148 |       1.56356 | 
      1.44028 |      30.35084 |     102.12157 |     101.70009 |      -0.42148 |      99.80038 |      -0.12430 |       0.92113 |       1.55847 | 
      1.44368 |      30.28238 |     103.92537 |     103.50381 |      -0.42156 |     101.38079 |      -0.10443 |       0.90426 |       1.55551 | 
      1.43658 |      30.23059 |     105.74438 |     105.32274 |      -0.42163 |     102.97020 |      -0.08872 |       0.89015 |       1.55408 | 
      1.42066 |      30.19249 |     107.53664 |     107.11492 |      -0.42171 |     104.53337 |      -0.07693 |       0.87890 |       1.55283 | 
      1.39758 |      30.16406 |     109.32351 |     108.90173 |      -0.42179 |     106.08944 |      -0.06775 |       0.86967 |       1.55133 | 
      1.36854 |      30.14260 |     111.11025 |     110.68839 |      -0.42186 |     107.64189 |      -0.06080 |       0.86196 |       1.55005 | 
      1.33547 |      30.12641 |     112.87344 |     112.45150 |      -0.42194 |     109.16869 |      -0.05545 |       0.85659 |       1.54909 | 
      1.29924 |      30.11378 |     114.64312 |     114.22111 |      -0.42201 |     110.69417 |      -0.05125 |       0.85319 |       1.54829 | 
      1.26140 |      30.10374 |     116.41743 |     115.99535 |      -0.42208 |     112.21500 |      -0.04772 |       0.85143 |       1.54765 | 
      1.22458 |      30.09571 |     118.18887 |     117.76671 |      -0.42215 |     113.72334 |      -0.04499 |       0.85526 |       1.54695 | 
      1.19292 |      30.08915 |     119.96598 |     119.54375 |      -0.42223 |     115.22675 |      -0.04264 |       0.85907 |       1.54634 | 
      1.16369 |      30.08386 |     121.73775 |     121.31545 |      -0.42230 |     116.71710 |      -0.04065 |       0.86115 |       1.54575 | 
      1.13676 |      30.07953 |     123.50874 |     123.08638 |      -0.42236 |     118.19768 |      -0.03895 |       0.86321 |       1.54521 | 
      1.11216 |      30.07596 |     125.27230 |     124.84987 |      -0.42243 |     119.66337 |      -0.03754 |       0.86547 |       1.54479 | 
      1.08940 |      30.07297 |     127.05570 |     126.63320 |      -0.42250 |     121.13774 |      -0.03634 |       0.86764 |       1.54444 | 
      1.06890 |      30.07049 |     128.82674 |     128.40417 |      -0.42256 |     122.59520 |      -0.03530 |       0.86969 |       1.54410 | 
      1.05063 |      30.06839 |     130.59921 |     130.17659 |      -0.42262 |     124.04831 |      -0.03435 |       0.87212 |       1.54377 | 
      1.03467 |      30.06664 |     132.37750 |     131.95482 |      -0.42269 |     125.50171 |      -0.03352 |       0.87466 |       1.54356 | 
      1.02141 |      30.06521 |     134.13084 |     133.70810 |      -0.42275 |     126.93080 |      -0.03294 |       0.87756 |       1.54344 | 
      1.01061 |      30.06403 |     135.90678 |     135.48398 |      -0.42281 |     128.37502 |      -0.03239 |       0.88046 |       1.54332 | 
      1.00260 |      30.06309 |     137.67305 |     137.25018 |      -0.42286 |     129.80841 |      -0.03176 |       0.88358 |       1.54317 | 
      0.99732 |      30.06236 |     139.45251 |     139.02960 |      -0.42292 |     131.24940 |      -0.03156 |       0.88674 |       1.54305 | 
      0.99471 |      30.06182 |     141.21927 |     140.79630 |      -0.42297 |     132.67715 |      -0.03112 |       0.88859 |       1.54301 | 
      0.99205 |      30.06149 |     143.00470 |     142.58168 |      -0.42302 |     134.11716 |      -0.03097 |       0.88802 |       1.54299 | 
      0.99145 |      30.06126 |     144.77010 |     144.34703 |      -0.42307 |     135.53696 |      -0.03095 |       0.89368 |       1.54303 | 
      0.99604 |      30.06115 |     146.55075 |     146.12762 |      -0.42312 |     136.96542 |      -0.03103 |       0.89884 |       1.54304 | 
      1.00429 |      30.06124 |     148.32091 |     147.89774 |      -0.42317 |     138.38287 |      -0.03106 |       0.90248 |       1.54310 | 
      1.01505 |      30.06153 |     150.10089 |     149.67769 |      -0.42321 |     139.80518 |      -0.03115 |       0.90474 |       1.54315 | 
      1.02725 |      30.06202 |     151.87666 |     151.45341 |      -0.42325 |     141.22113 |      -0.03139 |       0.90596 |       1.54321 | 
      1.04022 |      30.06266 |     153.67947 |     153.25618 |      -0.42329 |     142.65541 |      -0.03169 |       0.90637 |       1.54333 | 
      1.05296 |      30.06340 |     155.47075 |     155.04742 |      -0.42333 |     144.07747 |      -0.03202 |       0.90594 |       1.54346 | 
      1.06416 |      29.80934 |     157.22787 |     156.80450 |      -0.42336 |     145.47389 |      -0.84534 |       0.87195 |       1.52795 | 
      1.06944 |      28.93808 |     158.94603 |     158.52263 |      -0.42340 |     146.94061 |      -1.43220 |       0.80861 |       1.47370 | 
      1.06813 |      27.01328 |     160.53883 |     160.11540 |      -0.42343 |     148.50932 |      -2.45334 |       0.68883 |       1.36211 | 
      1.05957 |      24.20767 |     161.96280 |     161.53934 |      -0.42346 |     150.26051 |      -3.16290 |       0.53178 |       1.21716 | 
      1.04059 |      20.88279 |     163.17372 |     162.75024 |      -0.42348 |     152.16135 |      -3.56684 |       0.37712 |       1.06311 | 
      1.00385 |      17.24784 |     164.19751 |     163.77400 |      -0.42351 |     154.22159 |      -3.71610 |       0.22866 |       0.90024 | 
      0.96216 |      13.61094 |     165.01949 |     164.59595 |      -0.42353 |     156.34265 |      -3.65448 |       0.15252 |       0.72923 | 
      0.91941 |      10.05380 |     165.66850 |     165.24495 |      -0.42356 |     158.51099 |      -3.41705 |       0.03398 |       0.55460 | 
      0.87606 |       6.81328 |     166.14040 |     165.71681 |      -0.42358 |     160.58691 |      -3.03607 |       0.00309 |       0.39299 | 
      0.82930 |       4.03349 |     166.45616 |     166.03256 |      -0.42360 |     162.46240 |      -2.55398 |      -0.03374 |       0.25365 | 
      0.77719 |       1.76658 |     166.64659 |     166.22296 |      -0.42363 |     164.08328 |      -1.99446 |      -0.05147 |       0.13879 | 
      0.72356 |       0.07763 |     166.73712 |     166.31348 |      -0.42365 |     165.37680 |      -1.43183 |      -0.05308 |       0.05139 | 
      0.67584 |      -1.08251 |     166.75543 |     166.33176 |      -0.42367 |     166.34151 |      -0.91337 |      -0.04726 |      -0.01056 | 
      0.63305 |      -1.76079 |     166.72542 |     166.30173 |      -0.42369 |     166.97523 |      -0.48016 |      -0.04090 |      -0.04825 | 
      0.59537 |      -2.05947 |     166.66827 |     166.24457 |      -0.42371 |     167.33052 |      -0.13982 |      -0.03433 |      -0.06585 | 

Descending from 12,000 to 8,000 ft

  pitch,__deg |   _roll,__deg |   hding,_true |   hding,__mag |   mavar,__deg |   __mag,_comp |   ____P,deg/s |   ____Q,deg/s |   ____R,deg/s | 
      0.50972 |      -0.55175 |     166.42784 |     166.00398 |      -0.42386 |     166.59207 |       0.17650 |       0.00880 |       0.00859 | 
      0.52532 |      -0.41342 |     166.44022 |     166.01633 |      -0.42389 |     166.48068 |       0.10439 |       0.01875 |       0.01602 | 
      0.54951 |      -0.34326 |     166.45813 |     166.03423 |      -0.42391 |     166.41502 |       0.03945 |       0.02593 |       0.01997 | 
      0.58051 |      -0.33162 |     166.47888 |     166.05495 |      -0.42393 |     166.39113 |      -0.01372 |       0.03113 |       0.02085 | 
      0.61541 |      -0.36567 |     166.49910 |     166.07515 |      -0.42395 |     166.40257 |      -0.05083 |       0.03402 |       0.01929 | 
      0.65200 |      -0.42837 |     166.51669 |     166.09271 |      -0.42398 |     166.43855 |      -0.07187 |       0.03497 |       0.01621 | 
      0.68838 |      -0.50414 |     166.53058 |     166.10658 |      -0.42400 |     166.48836 |      -0.07928 |       0.03445 |       0.01242 | 
      0.72395 |      -0.58262 |     166.54065 |     166.11662 |      -0.42402 |     166.54436 |      -0.07620 |       0.03262 |       0.00844 | 
      0.75728 |      -0.65418 |     166.54678 |     166.12274 |      -0.42404 |     166.59898 |      -0.06580 |       0.03008 |       0.00476 | 
      0.78763 |      -0.71322 |     166.54961 |     166.12555 |      -0.42406 |     166.64749 |      -0.05130 |       0.02665 |       0.00168 | 
      0.81388 |      -0.75615 |     166.54965 |     166.12556 |      -0.42409 |     166.68604 |      -0.03563 |       0.02300 |      -0.00056 | 
      0.83660 |      -0.78414 |     166.54796 |     166.12386 |      -0.42411 |     166.71477 |      -0.02067 |       0.01906 |      -0.00206 | 
      0.85513 |      -0.79805 |     166.54520 |     166.12106 |      -0.42413 |     166.73328 |      -0.00803 |       0.01527 |      -0.00287 | 
      0.87021 |      -0.80082 |     166.54190 |     166.11775 |      -0.42415 |     166.74338 |       0.00189 |       0.01156 |      -0.00306 | 
      0.88171 |      -0.79528 |     166.53873 |     166.11455 |      -0.42418 |     166.74651 |       0.00860 |       0.00818 |      -0.00285 | 
      0.88997 |      -0.78465 |     166.53596 |     166.11177 |      -0.42420 |     166.74474 |       0.01230 |       0.00520 |      -0.00236 | 
      0.89545 |      -0.77159 |     166.53386 |     166.10963 |      -0.42422 |     166.73994 |       0.01351 |       0.00258 |      -0.00175 | 
      0.88313 |      -0.75826 |     166.53250 |     166.10826 |      -0.42424 |     166.73331 |       0.01232 |      -0.03680 |      -0.00127 | 
      0.85795 |      -0.74692 |     166.53166 |     166.10739 |      -0.42427 |     166.71927 |       0.01025 |      -0.02337 |      -0.00088 | 
      0.83625 |      -0.73774 |     166.53149 |     166.10721 |      -0.42429 |     166.68558 |       0.00785 |      -0.02571 |       0.00013 | 
      0.80243 |      -0.73163 |     166.53275 |     166.10843 |      -0.42431 |     166.62653 |       0.00410 |      -0.04897 |       0.00154 | 
      0.73507 |      -0.73011 |     166.53584 |     166.11151 |      -0.42433 |     166.55449 |      -0.00143 |      -0.08957 |       0.00272 | 
      0.62492 |      -0.73455 |     166.54027 |     166.11591 |      -0.42436 |     166.49020 |      -0.00760 |      -0.13522 |       0.00331 | 
      0.46282 |      -0.74516 |     166.54565 |     166.12128 |      -0.42438 |     166.43881 |      -0.01356 |      -0.19083 |       0.00317 | 
      0.24911 |      -0.76099 |     166.55122 |     166.12682 |      -0.42440 |     166.40199 |      -0.01825 |      -0.24394 |       0.00238 | 
     -0.01960 |      -0.78093 |     166.55663 |     166.13220 |      -0.42442 |     166.37685 |      -0.02115 |      -0.29220 |       0.00119 | 
     -0.32718 |      -0.80241 |     166.56140 |     166.13696 |      -0.42445 |     166.36169 |      -0.02202 |      -0.33040 |      -0.00012 | 
     -0.67592 |      -0.82432 |     166.56549 |     166.14102 |      -0.42447 |     166.35329 |      -0.02104 |      -0.35969 |      -0.00150 | 
     -1.03953 |      -0.84405 |     166.56856 |     166.14407 |      -0.42449 |     166.34961 |      -0.01856 |      -0.37605 |      -0.00296 | 
     -1.41823 |      -0.86086 |     166.57043 |     166.14592 |      -0.42451 |     166.34857 |      -0.01470 |      -0.37984 |      -0.00446 | 
     -1.79020 |      -0.87309 |     166.57098 |     166.14645 |      -0.42453 |     166.34827 |      -0.00992 |      -0.37146 |      -0.00573 | 
     -2.15281 |      -0.88029 |     166.57027 |     166.14571 |      -0.42456 |     166.34700 |      -0.00456 |      -0.34794 |      -0.00667 | 
     -2.49117 |      -0.88199 |     166.56842 |     166.14384 |      -0.42458 |     166.34467 |       0.00087 |      -0.32720 |      -0.00736 | 
     -2.79724 |      -0.87837 |     166.56558 |     166.14098 |      -0.42460 |     166.34019 |       0.00602 |      -0.29299 |      -0.00779 | 
     -3.07115 |      -0.86964 |     166.56183 |     166.13721 |      -0.42462 |     166.33351 |       0.01075 |      -0.25495 |      -0.00789 | 
     -3.30403 |      -0.85642 |     166.55743 |     166.13278 |      -0.42465 |     166.32463 |       0.01475 |      -0.21122 |      -0.00768 | 
     -3.49054 |      -0.83975 |     166.55272 |     166.12805 |      -0.42467 |     166.31387 |       0.01781 |      -0.16648 |      -0.00720 | 
     -3.63219 |      -0.82053 |     166.54787 |     166.12318 |      -0.42469 |     166.30173 |       0.01985 |      -0.12075 |      -0.00654 | 
     -3.72897 |      -0.79988 |     166.54311 |     166.11839 |      -0.42471 |     166.28870 |       0.02095 |      -0.07745 |      -0.00578 | 
     -3.78374 |      -0.77867 |     166.53851 |     166.11378 |      -0.42473 |     166.27527 |       0.02114 |      -0.03706 |      -0.00494 | 
     -3.79956 |      -0.75739 |     166.53418 |     166.10942 |      -0.42476 |     166.26155 |       0.02057 |       0.00137 |      -0.00403 | 
     -3.78138 |      -0.73719 |     166.53040 |     166.10562 |      -0.42478 |     166.24849 |       0.01920 |       0.01987 |      -0.00303 | 
     -3.72137 |      -0.71867 |     166.52733 |     166.10252 |      -0.42480 |     166.23737 |       0.01717 |       0.08714 |      -0.00137 | 
     -3.61194 |      -0.70258 |     166.52554 |     166.10072 |      -0.42482 |     166.23094 |       0.01451 |       0.12440 |       0.00047 | 
     -3.47643 |      -0.68992 |     166.52490 |     166.10005 |      -0.42485 |     166.22835 |       0.01085 |       0.14249 |       0.00132 | 
     -3.33098 |      -0.68088 |     166.52432 |     166.09946 |      -0.42487 |     166.22693 |       0.00709 |       0.14290 |       0.00083 | 
     -3.18194 |      -0.67495 |     166.52290 |     166.09801 |      -0.42489 |     166.22208 |       0.00493 |       0.14925 |       0.00007 | 
     -3.04290 |      -0.67060 |     166.52141 |     166.09650 |      -0.42491 |     166.21547 |       0.00358 |       0.12597 |       0.00048 | 
     -2.92647 |      -0.66786 |     166.52098 |     166.09604 |      -0.42494 |     166.20821 |       0.00174 |       0.10543 |       0.00144 | 
     -2.82550 |      -0.66718 |     166.52153 |     166.09657 |      -0.42496 |     166.20198 |      -0.00031 |       0.09258 |       0.00188 | 
     -2.73446 |      -0.66840 |     166.52235 |     166.09737 |      -0.42498 |     166.19792 |      -0.00191 |       0.08524 |       0.00177 | 
     -2.64908 |      -0.67079 |     166.52304 |     166.09804 |      -0.42500 |     166.19560 |      -0.00270 |       0.08076 |       0.00175 | 
     -2.56676 |      -0.67377 |     166.52391 |     166.09888 |      -0.42503 |     166.19507 |      -0.00311 |       0.07858 |       0.00195 | 
     -2.48738 |      -0.67710 |     166.52498 |     166.09993 |      -0.42505 |     166.19565 |      -0.00347 |       0.07668 |       0.00209 | 
     -2.41024 |      -0.68076 |     166.52612 |     166.10106 |      -0.42507 |     166.19724 |      -0.00379 |       0.07454 |       0.00206 | 
     -2.33569 |      -0.68469 |     166.52722 |     166.10213 |      -0.42509 |     166.19945 |      -0.00398 |       0.07119 |       0.00194 | 
     -2.26499 |      -0.68876 |     166.52827 |     166.10316 |      -0.42512 |     166.20226 |      -0.00405 |       0.06622 |       0.00186 | 
     -2.20010 |      -0.69283 |     166.52931 |     166.10417 |      -0.42514 |     166.20496 |      -0.00406 |       0.05969 |       0.00187 | 
     -2.14222 |      -0.69696 |     166.53043 |     166.10527 |      -0.42516 |     166.20781 |      -0.00416 |       0.05262 |       0.00182 | 
     -2.09219 |      -0.70117 |     166.53157 |     166.10638 |      -0.42518 |     166.21068 |      -0.00424 |       0.04444 |       0.00166 | 
     -2.05034 |      -0.70547 |     166.53261 |     166.10741 |      -0.42521 |     166.21365 |      -0.00424 |       0.03548 |       0.00153 | 
     -2.01789 |      -0.70968 |     166.53368 |     166.10844 |      -0.42523 |     166.21635 |      -0.00418 |       0.02623 |       0.00147 | 
     -1.99454 |      -0.71391 |     166.53479 |     166.10954 |      -0.42525 |     166.21921 |      -0.00422 |       0.01709 |       0.00135 | 
     -1.98080 |      -0.71806 |     166.53583 |     166.11055 |      -0.42527 |     166.22185 |      -0.00414 |       0.00770 |       0.00116 | 
     -1.97582 |      -0.72216 |     166.53680 |     166.11151 |      -0.42530 |     166.22459 |      -0.00399 |      -0.00147 |       0.00099 | 
     -1.98724 |      -0.72611 |     166.53780 |     166.11247 |      -0.42532 |     166.22728 |      -0.00402 |      -0.02105 |       0.00077 | 
     -2.01387 |      -0.73015 |     166.53879 |     166.11345 |      -0.42534 |     166.22990 |      -0.00399 |      -0.03374 |       0.00052 | 
     -2.04870 |      -0.73401 |     166.53961 |     166.11424 |      -0.42536 |     166.23262 |      -0.00368 |      -0.03896 |       0.00027 | 
     -2.08687 |      -0.73739 |     166.54025 |     166.11487 |      -0.42539 |     166.23521 |      -0.00309 |      -0.04042 |       0.00008 | 
     -2.12505 |      -0.74010 |     166.54070 |     166.11528 |      -0.42541 |     166.23793 |      -0.00232 |      -0.03829 |      -0.00007 | 
     -2.15966 |      -0.74199 |     166.54099 |     166.11555 |      -0.42543 |     166.24098 |      -0.00153 |      -0.03418 |      -0.00026 | 
     -2.19091 |      -0.74310 |     166.54105 |     166.11559 |      -0.42545 |     166.24335 |      -0.00069 |      -0.02961 |      -0.00044 | 
     -2.21737 |      -0.74332 |     166.54089 |     166.11542 |      -0.42548 |     166.24524 |       0.00016 |      -0.02458 |      -0.00047 | 
     -2.23893 |      -0.74279 |     166.54063 |     166.11514 |      -0.42550 |     166.24713 |       0.00084 |      -0.02090 |      -0.00045 | 
     -2.25628 |      -0.74165 |     166.54037 |     166.11485 |      -0.42552 |     166.24774 |       0.00135 |      -0.01686 |      -0.00041 | 
     -2.26961 |      -0.74013 |     166.54010 |     166.11456 |      -0.42554 |     166.24796 |       0.00161 |      -0.01426 |      -0.00043 | 
     -2.27984 |      -0.73837 |     166.53975 |     166.11418 |      -0.42557 |     166.24799 |       0.00180 |      -0.01079 |      -0.00042 | 
     -2.28703 |      -0.73650 |     166.53944 |     166.11386 |      -0.42559 |     166.24799 |       0.00184 |      -0.00878 |      -0.00037 | 
     -2.29226 |      -0.73462 |     166.53912 |     166.11351 |      -0.42561 |     166.24799 |       0.00181 |      -0.00714 |      -0.00029 | 
     -2.29564 |      -0.73284 |     166.53893 |     166.11330 |      -0.42563 |     166.24754 |       0.00166 |      -0.00415 |      -0.00021 | 
     -2.29795 |      -0.73123 |     166.53873 |     166.11307 |      -0.42566 |     166.24689 |       0.00151 |      -0.00388 |      -0.00011 | 
     -2.29931 |      -0.72986 |     166.53865 |     166.11298 |      -0.42568 |     166.24615 |       0.00123 |      -0.00375 |      -0.00007 | 
     -2.29995 |      -0.72873 |     166.53854 |     166.11284 |      -0.42570 |     166.24571 |       0.00104 |      -0.00314 |      -0.00001 | 
     -2.30009 |      -0.72779 |     166.53851 |     166.11279 |      -0.42572 |     166.24547 |       0.00081 |      -0.00169 |       0.00005 | 
     -2.29966 |      -0.72708 |     166.53853 |     166.11278 |      -0.42574 |     166.24529 |       0.00060 |      -0.00109 |       0.00005 | 
     -2.29928 |      -0.72655 |     166.53854 |     166.11278 |      -0.42577 |     166.24516 |       0.00045 |      -0.00093 |       0.00006 | 
     -2.29883 |      -0.72617 |     166.53857 |     166.11278 |      -0.42579 |     166.24513 |       0.00032 |      -0.00066 |       0.00009 | 
     -2.29805 |      -0.72587 |     166.53864 |     166.11282 |      -0.42581 |     166.24513 |       0.00024 |      -0.00036 |       0.00012 | 
     -2.29688 |      -0.72567 |     166.53870 |     166.11287 |      -0.42583 |     166.24513 |       0.00015 |      -0.00042 |       0.00011 | 
     -2.29585 |      -0.72552 |     166.53873 |     166.11287 |      -0.42586 |     166.24513 |       0.00014 |      -0.00124 |       0.00010 | 
     -2.29446 |      -0.72539 |     166.53879 |     166.11292 |      -0.42588 |     166.24513 |       0.00008 |      -0.00161 |       0.00010 | 
     -2.29292 |      -0.72529 |     166.53885 |     166.11295 |      -0.42590 |     166.24513 |       0.00010 |      -0.00057 |       0.00010 | 
     -2.29109 |      -0.72517 |     166.53894 |     166.11302 |      -0.42592 |     166.24513 |       0.00008 |       0.00039 |       0.00012 | 
     -2.28923 |      -0.72507 |     166.53897 |     166.11302 |      -0.42595 |     166.24513 |       0.00011 |       0.00041 |       0.00014 | 
     -2.28722 |      -0.72498 |     166.53909 |     166.11313 |      -0.42597 |     166.24513 |       0.00006 |      -0.00031 |       0.00014 | 
     -2.28562 |      -0.72491 |     166.53915 |     166.11316 |      -0.42599 |     166.24513 |       0.00006 |       0.00016 |       0.00015 | 
     -2.28397 |      -0.72486 |     166.53923 |     166.11322 |      -0.42601 |     166.24525 |       0.00004 |       0.00041 |       0.00014 | 
     -2.28223 |      -0.72483 |     166.53932 |     166.11328 |      -0.42604 |     166.24547 |       0.00004 |       0.00139 |       0.00015 | 
     -2.28046 |      -0.72478 |     166.53943 |     166.11337 |      -0.42606 |     166.24565 |       0.00002 |       0.00117 |       0.00014 | 
     -2.27865 |      -0.72476 |     166.53949 |     166.11340 |      -0.42608 |     166.24588 |       0.00004 |      -0.00006 |       0.00014 | 
     -2.27652 |      -0.72471 |     166.53960 |     166.11349 |      -0.42610 |     166.24612 |       0.00004 |      -0.00062 |       0.00014 | 
     -2.27497 |      -0.72467 |     166.53967 |     166.11354 |      -0.42613 |     166.24640 |       0.00003 |      -0.00048 |       0.00015 | 
     -2.27303 |      -0.72465 |     166.53981 |     166.11366 |      -0.42615 |     166.24661 |      -0.00000 |      -0.00174 |       0.00014 | 
     -2.27121 |      -0.72466 |     166.53989 |     166.11371 |      -0.42617 |     166.24706 |       0.00001 |      -0.00190 |       0.00014 | 
     -2.26973 |      -0.72465 |     166.54001 |     166.11382 |      -0.42619 |     166.24725 |      -0.00002 |      -0.00115 |       0.00017 | 
     -2.26827 |      -0.72468 |     166.54013 |     166.11391 |      -0.42622 |     166.24759 |      -0.00007 |      -0.00121 |       0.00016 | 
     -2.26665 |      -0.72472 |     166.54021 |     166.11397 |      -0.42624 |     166.24785 |      -0.00007 |      -0.00124 |       0.00015 | 
     -2.26522 |      -0.72477 |     166.54031 |     166.11404 |      -0.42626 |     166.24821 |      -0.00007 |      -0.00042 |       0.00016 | 
     -2.26389 |      -0.72482 |     166.54044 |     166.11415 |      -0.42628 |     166.24846 |      -0.00006 |       0.00001 |       0.00016 | 
     -2.26277 |      -0.72489 |     166.54056 |     166.11426 |      -0.42631 |     166.24878 |      -0.00008 |       0.00155 |       0.00013 | 
     -2.26096 |      -0.72494 |     166.54066 |     166.11433 |      -0.42633 |     166.24907 |      -0.00004 |       0.00144 |       0.00011 | 
     -2.25936 |      -0.72495 |     166.54074 |     166.11440 |      -0.42635 |     166.24934 |      -0.00002 |       0.00010 |       0.00011 | 
     -2.25802 |      -0.72494 |     166.54082 |     166.11444 |      -0.42637 |     166.24959 |       0.00002 |      -0.00135 |       0.00013 | 
     -2.25695 |      -0.72492 |     166.54092 |     166.11453 |      -0.42640 |     166.24989 |      -0.00000 |      -0.00283 |       0.00014 | 
     -2.25612 |      -0.72490 |     166.54103 |     166.11461 |      -0.42642 |     166.25012 |      -0.00001 |      -0.00304 |       0.00014 | 
     -2.25507 |      -0.72491 |     166.54114 |     166.11470 |      -0.42644 |     166.25023 |      -0.00003 |      -0.00393 |       0.00012 | 
     -2.25408 |      -0.72490 |     166.54121 |     166.11475 |      -0.42646 |     166.25050 |       0.00001 |      -0.00371 |       0.00013 | 
     -2.25329 |      -0.72489 |     166.54131 |     166.11482 |      -0.42649 |     166.25082 |      -0.00002 |      -0.00208 |       0.00014 | 
     -2.25237 |      -0.72490 |     166.54143 |     166.11491 |      -0.42651 |     166.25119 |      -0.00004 |       0.00197 |       0.00015 | 
     -2.25105 |      -0.72492 |     166.54155 |     166.11502 |      -0.42653 |     166.25172 |      -0.00007 |       0.00733 |       0.00014 | 
     -2.24719 |      -0.72493 |     166.54160 |     166.11504 |      -0.42656 |     166.25204 |       0.00008 |       0.00823 |       0.00013 | 
     -2.24489 |      -0.72488 |     166.54166 |     166.11508 |      -0.42658 |     166.25226 |       0.00015 |      -0.01795 |       0.00007 | 
     -2.24851 |      -0.72480 |     166.54178 |     166.11517 |      -0.42660 |     166.25241 |      -0.00004 |      -0.02177 |       0.00009 | 
     -2.24525 |      -0.72473 |     166.54185 |     166.11523 |      -0.42662 |     166.32648 |      -0.00004 |       0.02551 |       0.00012 | 
     -2.23905 |      -0.72461 |     166.54184 |     166.11519 |      -0.42665 |     166.36172 |       0.00026 |       0.00803 |       0.00007 | 
     -2.24292 |      -0.72443 |     166.54192 |     166.11525 |      -0.42667 |     166.37456 |       0.00018 |      -0.03155 |       0.00004 | 
     -2.24349 |      -0.72428 |     166.54198 |     166.11528 |      -0.42669 |     166.37932 |       0.00007 |       0.01826 |       0.00010 | 
     -2.23996 |      -0.72408 |     166.54201 |     166.11530 |      -0.42671 |     166.38118 |       0.00028 |      -0.01049 |       0.00011 | 
     -2.24288 |      -0.72394 |     166.54216 |     166.11542 |      -0.42674 |     166.38200 |       0.00005 |       0.00707 |       0.00013 | 
     -2.23970 |      -0.72379 |     166.54222 |     166.11546 |      -0.42676 |     166.38249 |       0.00016 |      -0.00415 |       0.00013 | 
     -2.23897 |      -0.72366 |     166.54231 |     166.11554 |      -0.42678 |     166.38260 |       0.00009 |       0.00029 |       0.00013 | 
     -2.23836 |      -0.72356 |     166.54239 |     166.11559 |      -0.42680 |     166.38271 |       0.00008 |      -0.00172 |       0.00013 | 
     -2.23847 |      -0.72348 |     166.54247 |     166.11565 |      -0.42683 |     166.38271 |       0.00004 |      -0.00179 |       0.00014 | 
     -2.23893 |      -0.72343 |     166.54257 |     166.11572 |      -0.42685 |     166.38271 |       0.00002 |      -0.00203 |       0.00014 | 
     -2.24008 |      -0.72341 |     166.54265 |     166.11578 |      -0.42687 |     166.38271 |      -0.00000 |      -0.00308 |       0.00014 | 
     -2.24136 |      -0.72341 |     166.54276 |     166.11586 |      -0.42689 |     166.38271 |      -0.00001 |      -0.00248 |       0.00016 | 
     -2.24288 |      -0.72343 |     166.54289 |     166.11598 |      -0.42692 |     166.38286 |      -0.00006 |      -0.00360 |       0.00014 | 
     -2.24488 |      -0.72348 |     166.54298 |     166.11604 |      -0.42694 |     166.38292 |      -0.00006 |      -0.00338 |       0.00015 | 
     -2.21693 |      -0.72329 |     166.54285 |     166.11589 |      -0.42696 |     166.38504 |       0.00080 |       0.06101 |       0.00042 | 
     -2.11332 |      -0.72145 |     166.54222 |     166.11523 |      -0.42698 |     166.39572 |       0.00298 |       0.14346 |       0.00106 | 
     -1.95219 |      -0.71742 |     166.54134 |     166.11433 |      -0.42700 |     166.44547 |       0.00468 |       0.16885 |       0.00103 | 
     -1.77595 |      -0.71227 |     166.53954 |     166.11250 |      -0.42703 |     166.52553 |       0.00553 |       0.18095 |      -0.00038 | 
     -1.58737 |      -0.70585 |     166.53603 |     166.10898 |      -0.42705 |     166.60342 |       0.00734 |       0.19534 |      -0.00192 | 
     -1.38017 |      -0.69691 |     166.53133 |     166.10425 |      -0.42707 |     166.65755 |       0.01014 |       0.21269 |      -0.00203 | 
     -1.15344 |      -0.68536 |     166.52710 |     166.10001 |      -0.42710 |     166.68320 |       0.01233 |       0.23408 |      -0.00069 | 
     -0.90820 |      -0.67247 |     166.52393 |     166.09680 |      -0.42712 |     166.68980 |       0.01322 |       0.25457 |       0.00001 | 
     -0.64271 |      -0.65933 |     166.52151 |     166.09438 |      -0.42714 |     166.68045 |       0.01264 |       0.27119 |       0.00162 | 
     -0.36340 |      -0.64776 |     166.52107 |     166.09390 |      -0.42716 |     166.65958 |       0.01014 |       0.28416 |       0.00385 | 
     -0.07092 |      -0.63966 |     166.52260 |     166.09541 |      -0.42719 |     166.63367 |       0.00572 |       0.29129 |       0.00558 | 
      0.22562 |      -0.63655 |     166.52548 |     166.09827 |      -0.42721 |     166.61012 |       0.00040 |       0.29304 |       0.00665 | 
      0.51739 |      -0.63881 |     166.52921 |     166.10197 |      -0.42723 |     166.59473 |      -0.00491 |       0.28678 |       0.00739 | 
      0.79816 |      -0.64610 |     166.53365 |     166.10638 |      -0.42725 |     166.59142 |      -0.00978 |       0.27445 |       0.00782 | 
      1.06583 |      -0.65800 |     166.53844 |     166.11116 |      -0.42728 |     166.60281 |      -0.01384 |       0.25444 |       0.00779 | 
      1.30886 |      -0.67312 |     166.54303 |     166.11574 |      -0.42730 |     166.64046 |      -0.01659 |       0.23067 |       0.00704 | 
      1.52596 |      -0.69035 |     166.54675 |     166.11943 |      -0.42732 |     166.70262 |      -0.01761 |       0.19747 |       0.00542 | 
      1.70618 |      -0.70755 |     166.54901 |     166.12167 |      -0.42734 |     166.77507 |      -0.01659 |       0.15832 |       0.00349 | 
      1.84412 |      -0.72282 |     166.54991 |     166.12254 |      -0.42737 |     166.84625 |      -0.01416 |       0.11396 |       0.00226 | 
      1.93981 |      -0.73545 |     166.55066 |     166.12328 |      -0.42739 |     166.90894 |      -0.01118 |       0.07309 |       0.00149 | 
      1.99261 |      -0.74504 |     166.55063 |     166.12321 |      -0.42741 |     166.95773 |      -0.00804 |       0.03010 |      -0.00020 | 
      2.00326 |      -0.75131 |     166.54958 |     166.12215 |      -0.42743 |     166.99078 |      -0.00446 |      -0.01105 |      -0.00143 | 
      1.96821 |      -0.75403 |     166.54839 |     166.12093 |      -0.42746 |     167.01070 |      -0.00127 |      -0.07872 |      -0.00171 | 
      1.85684 |      -0.75474 |     166.54813 |     166.12065 |      -0.42748 |     167.02193 |      -0.00035 |      -0.14197 |      -0.00172 | 