  pitch,__deg |   _roll,__deg |   hding,_true |   hding,__mag |   mavar,__deg |   __mag,_comp |   ____P,deg/s |   ____Q,deg/s |   ____R,deg/s | 
      7.99589 |      -0.78045 |      67.94083 |      67.52454 |      -0.41629 |      74.83604 |       0.01327 |       0.79906 |       0.00625 | 
      8.83876 |      -0.76751 |      67.93679 |      67.52045 |      -0.41635 |      75.14307 |       0.01301 |       0.86976 |       0.00874 | 
      9.72917 |      -0.75615 |      67.93439 |      67.51799 |      -0.41640 |      75.33878 |       0.01006 |       0.90105 |       0.01027 | 
     10.62751 |      -0.74836 |      67.93279 |      67.51633 |      -0.41646 |      75.44126 |       0.00603 |       0.89821 |       0.01056 | 
     11.51747 |      -0.74462 |      67.93150 |      67.51498 |      -0.41652 |      75.46853 |       0.00203 |       0.86295 |       0.00979 | 
     12.34410 |      -0.74430 |      67.92978 |      67.51321 |      -0.41658 |      75.43435 |      -0.00055 |       0.80295 |       0.00884 | 
     13.11288 |      -0.74603 |      67.92812 |      67.51148 |      -0.41663 |      75.35407 |      -0.00219 |       0.72213 |       0.00832 | 
     13.78877 |      -0.74909 |      67.92729 |      67.51060 |      -0.41669 |      75.24187 |      -0.00369 |       0.62738 |       0.00816 | 
     14.35881 |      -0.75342 |      67.92767 |      67.51092 |      -0.41675 |      75.10905 |      -0.00546 |       0.52401 |       0.00789 | 
     14.82895 |      -0.75938 |      67.92899 |      67.51218 |      -0.41680 |      74.96121 |      -0.00717 |       0.41486 |       0.00720 | 
     15.18870 |      -0.76666 |      67.93092 |      67.51405 |      -0.41686 |      74.80737 |      -0.00842 |       0.30326 |       0.00622 | 
     15.43673 |      -0.77473 |      67.93330 |      67.51639 |      -0.41692 |      74.65440 |      -0.00914 |       0.19403 |       0.00535 | 
     15.57808 |      -0.78338 |      67.93645 |      67.51949 |      -0.41697 |      74.50440 |      -0.01000 |       0.08429 |       0.00530 | 
     15.61657 |      -0.79286 |      67.94136 |      67.52433 |      -0.41703 |      74.36524 |      -0.01176 |      -0.01009 |       0.00528 | 
     15.56169 |      -0.80391 |      67.94677 |      67.52969 |      -0.41708 |      74.24094 |      -0.01343 |      -0.10349 |       0.00386 | 
     15.36573 |      -0.81676 |      67.95213 |      67.53499 |      -0.41714 |      74.12231 |      -0.01531 |      -0.24849 |       0.00154 | 
     15.07177 |      -0.83054 |      67.95678 |      67.53958 |      -0.41719 |      74.01027 |      -0.01509 |      -0.34134 |      -0.00050 | 
     14.75785 |      -0.84322 |      67.96027 |      67.54302 |      -0.41725 |      73.91703 |      -0.01174 |      -0.30666 |      -0.00128 | 
     14.44760 |      -0.85237 |      67.96339 |      67.54609 |      -0.41731 |      73.85234 |      -0.00833 |      -0.31446 |      -0.00159 | 
     14.12108 |      -0.85894 |      67.96677 |      67.54942 |      -0.41736 |      73.81245 |      -0.00673 |      -0.33584 |      -0.00166 | 
     13.78186 |      -0.86451 |      67.97024 |      67.55283 |      -0.41741 |      73.78732 |      -0.00641 |      -0.35012 |      -0.00189 | 
     13.42517 |      -0.87019 |      67.97357 |      67.55610 |      -0.41747 |      73.77081 |      -0.00648 |      -0.35754 |      -0.00247 | 
     13.06752 |      -0.87576 |      67.97614 |      67.55862 |      -0.41752 |      73.76141 |      -0.00596 |      -0.35600 |      -0.00309 | 
     12.71668 |      -0.88068 |      67.97797 |      67.56039 |      -0.41758 |      73.75855 |      -0.00490 |      -0.34690 |      -0.00348 | 
     12.37778 |      -0.88467 |      67.97935 |      67.56171 |      -0.41763 |      73.76228 |      -0.00374 |      -0.32860 |      -0.00368 | 
     12.06305 |      -0.88754 |      67.98038 |      67.56269 |      -0.41769 |      73.77233 |      -0.00266 |      -0.30518 |      -0.00371 | 
     11.77309 |      -0.88950 |      67.98101 |      67.56327 |      -0.41774 |      73.78834 |      -0.00164 |      -0.27752 |      -0.00371 | 
     11.51131 |      -0.89050 |      67.98118 |      67.56338 |      -0.41780 |      73.80929 |      -0.00060 |      -0.24697 |      -0.00363 | 
     11.28074 |      -0.89056 |      67.98103 |      67.56318 |      -0.41785 |      73.83440 |       0.00034 |      -0.21314 |      -0.00352 | 
     11.08672 |      -0.88979 |      67.98041 |      67.56250 |      -0.41791 |      73.86221 |       0.00131 |      -0.17895 |      -0.00340 | 
     10.92675 |      -0.88818 |      67.97944 |      67.56148 |      -0.41796 |      73.89148 |       0.00219 |      -0.14539 |      -0.00326 | 
     10.79922 |      -0.88574 |      67.97818 |      67.56017 |      -0.41802 |      73.92141 |       0.00313 |      -0.11174 |      -0.00313 | 
     10.70381 |      -0.88236 |      67.97594 |      67.55786 |      -0.41807 |      73.95094 |       0.00445 |      -0.08181 |      -0.00384 | 
     10.63740 |      -0.87759 |      67.97326 |      67.55513 |      -0.41813 |      73.97766 |       0.00586 |      -0.05417 |      -0.00326 | 
     10.59723 |      -0.87186 |      67.97110 |      67.55292 |      -0.41818 |      74.00194 |       0.00618 |      -0.02879 |      -0.00209 | 
     10.58115 |      -0.86622 |      67.96983 |      67.55159 |      -0.41824 |      74.02313 |       0.00530 |      -0.00677 |      -0.00102 | 
     10.58562 |      -0.86170 |      67.96896 |      67.55067 |      -0.41829 |      74.04079 |       0.00401 |       0.01231 |      -0.00057 | 
     10.60693 |      -0.85845 |      67.96805 |      67.54970 |      -0.41835 |      74.05441 |       0.00303 |       0.02717 |      -0.00073 | 
     10.63813 |      -0.85582 |      67.96669 |      67.54829 |      -0.41841 |      74.06267 |       0.00268 |       0.03669 |      -0.00094 | 
     10.68566 |      -0.85316 |      67.96490 |      67.54643 |      -0.41846 |      74.06782 |       0.00315 |       0.05098 |      -0.00067 | 
     10.74335 |      -0.85026 |      67.96369 |      67.54517 |      -0.41852 |      74.07112 |       0.00295 |       0.05776 |      -0.00016 | 
     10.80483 |      -0.84768 |      67.96282 |      67.54425 |      -0.41857 |      74.07105 |       0.00234 |       0.05970 |       0.00028 | 
     10.86640 |      -0.84579 |      67.96215 |      67.54353 |      -0.41863 |      74.06670 |       0.00162 |       0.05876 |       0.00048 | 
     10.92596 |      -0.84450 |      67.96149 |      67.54281 |      -0.41868 |      74.05762 |       0.00108 |       0.05555 |       0.00049 | 
     10.98070 |      -0.84364 |      67.96086 |      67.54212 |      -0.41874 |      74.04433 |       0.00076 |       0.05069 |       0.00039 | 
     11.02994 |      -0.84303 |      67.96033 |      67.54153 |      -0.41880 |      74.02735 |       0.00050 |       0.04409 |       0.00017 | 
     11.07233 |      -0.84261 |      67.95963 |      67.54078 |      -0.41885 |      74.00710 |       0.00054 |       0.03713 |      -0.0000  |